11 10 2
0 1 7474
1 2 6536
2 3 1254
3 4 2423
4 5 542
5 6 802
6 7 3009
7 8 8789
8 9 9030
9 0 4153
9 1 2084
11 10 3
0 1 8675
1 2 9352
2 3 9990
3 4 2329
4 5 2378
5 6 6926
6 7 1186
7 8 1594
8 9 1738
9 0 2988
9 1 3554
11 10 3
0 1 7768
1 2 877
2 3 5772
3 4 6526
4 5 150
5 6 8956
6 7 2428
7 8 6102
8 9 2
9 0 9098
9 1 6846
11 10 1
0 1 4889
1 2 7441
2 3 5960
3 4 2517
4 5 1953
5 6 6227
6 7 1219
7 8 9587
8 9 1637
9 0 2170
9 1 9551
11 10 9
0 1 9055
1 2 1861
2 3 139
3 4 7921
4 5 2683
5 6 2085
6 7 8930
7 8 7374
8 9 9187
9 0 3133
9 1 8405
11 10 9
0 1 1504
1 2 7329
2 3 7266
3 4 4795
4 5 3891
5 6 8274
6 7 2419
7 8 6686
8 9 5587
9 0 3887
9 1 1032
11 10 7
0 1 2926
1 2 6601
2 3 27
3 4 3589
4 5 7992
5 6 7653
6 7 8061
7 8 1890
8 9 595
9 0 8824
9 1 4746
11 10 8
0 1 5813
1 2 1013
2 3 5500
3 4 8671
4 5 5423
5 6 2576
6 7 6527
7 8 7042
8 9 5729
9 0 2854
9 1 2875
11 10 3
0 1 5457
1 2 6176
2 3 9201
3 4 4686
4 5 3764
5 6 85
6 7 5072
7 8 4702
8 9 8693
9 0 1617
9 1 7218
11 10 1
0 1 9824
1 2 1925
2 3 5114
3 4 6693
4 5 433
5 6 7881
6 7 4874
7 8 8589
8 9 6692
9 0 6133
9 1 3239
11 10 1
0 1 8731
1 2 2422
2 3 4099
3 4 569
4 5 8384
5 6 5818
6 7 3708
7 8 8102
8 9 6910
9 0 8180
9 1 7920
11 10 5
0 1 9815
1 2 6309
2 3 2887
3 4 8796
4 5 9897
5 6 3640
6 7 6361
7 8 1453
8 9 8701
9 0 2329
9 1 3263
11 10 8
0 1 4579
1 2 1992
2 3 994
3 4 3976
4 5 1890
5 6 617
6 7 230
7 8 758
8 9 6626
9 0 9298
9 1 2060
11 10 0
0 1 3927
1 2 864
2 3 41
3 4 4656
4 5 481
5 6 1412
6 7 6010
7 8 4482
8 9 7548
9 0 1018
9 1 8479
11 10 1
0 1 1418
1 2 2506
2 3 105
3 4 3393
4 5 3359
5 6 8806
6 7 1228
7 8 9332
8 9 827
9 0 4619
9 1 7669
11 10 4
0 1 3784
1 2 8970
2 3 2628
3 4 4536
4 5 6232
5 6 9865
6 7 634
7 8 3633
8 9 4143
9 0 9730
9 1 2828
11 10 2
0 1 7424
1 2 1866
2 3 9592
3 4 9189
4 5 6548
5 6 8768
6 7 6392
7 8 220
8 9 434
9 0 3023
9 1 1292
11 10 9
0 1 5824
1 2 7194
2 3 6557
3 4 8810
4 5 8421
5 6 3004
6 7 5765
7 8 2085
8 9 4124
9 0 7529
9 1 6882
11 10 0
0 1 2365
1 2 7092
2 3 9484
3 4 9590
4 5 590
5 6 7920
6 7 5136
7 8 5912
8 9 6790
9 0 6461
9 1 3950
11 10 0
0 1 7189
1 2 6157
2 3 4095
3 4 870
4 5 623
5 6 725
6 7 5540
7 8 6202
8 9 5038
9 0 2666
9 1 4913
11 10 7
0 1 1894
1 2 2979
2 3 5039
3 4 1021
4 5 3957
5 6 6529
6 7 7211
7 8 7113
8 9 7081
9 0 3525
9 1 9893
11 10 1
0 1 709
1 2 5065
2 3 6053
3 4 8961
4 5 4542
5 6 8733
6 7 5595
7 8 1365
8 9 1041
9 0 1544
9 1 8319
11 10 2
0 1 9352
1 2 4558
2 3 4777
3 4 6490
4 5 618
5 6 1423
6 7 8347
7 8 4413
8 9 4429
9 0 2549
9 1 5368
11 10 6
0 1 8796
1 2 9959
2 3 736
3 4 7529
4 5 745
5 6 2790
6 7 9193
7 8 9728
8 9 2056
9 0 3407
9 1 7955
11 10 4
0 1 3579
1 2 7872
2 3 2788
3 4 9169
4 5 8352
5 6 965
6 7 2066
7 8 6913
8 9 8103
9 0 6691
9 1 7383
11 10 9
0 1 3405
1 2 6206
2 3 4174
3 4 6241
4 5 726
5 6 2834
6 7 9806
7 8 6251
8 9 4618
9 0 7534
9 1 925
11 10 8
0 1 777
1 2 9157
2 3 4230
3 4 1746
4 5 2280
5 6 673
6 7 8668
7 8 2966
8 9 6269
9 0 1490
9 1 8754
11 10 0
0 1 816
1 2 9777
2 3 6618
3 4 1027
4 5 9152
5 6 6473
6 7 741
7 8 2474
8 9 8619
9 0 4832
9 1 2292
11 10 6
0 1 9433
1 2 673
2 3 9651
3 4 3023
4 5 1456
5 6 1354
6 7 9182
7 8 3280
8 9 197
9 0 4838
9 1 7877
11 10 0
0 1 7381
1 2 3828
2 3 5661
3 4 8313
4 5 9365
5 6 4282
6 7 2521
7 8 7094
8 9 4711
9 0 4200
9 1 6739
22 10 8
0 1 4629
1 2 7775
2 3 8022
3 4 8587
4 5 9857
5 6 7961
6 7 8096
7 8 8645
8 9 2078
9 0 7915
9 1 7234
9 2 3100
9 3 7388
9 4 4565
9 5 1094
9 6 9641
9 7 2564
8 0 9971
8 1 4632
8 2 7004
8 3 5714
8 4 4787
22 10 8
0 1 1664
1 2 1897
2 3 9703
3 4 4885
4 5 8589
5 6 438
6 7 2897
7 8 259
8 9 7912
9 0 6192
9 1 7528
9 2 5492
9 3 6327
9 4 6517
9 5 8565
9 6 2421
9 7 7842
8 0 2828
8 1 8187
8 2 6591
8 3 8929
8 4 970
22 10 9
0 1 3940
1 2 6079
2 3 6379
3 4 2548
4 5 8649
5 6 5668
6 7 6910
7 8 9280
8 9 5469
9 0 2406
9 1 9684
9 2 2371
9 3 6115
9 4 8611
9 5 4832
9 6 961
9 7 2973
8 0 6206
8 1 4618
8 2 9803
8 3 2890
8 4 4030
22 10 9
0 1 1814
1 2 1515
2 3 3679
3 4 596
4 5 310
5 6 1815
6 7 5958
7 8 2376
8 9 4505
9 0 4303
9 1 7609
9 2 6842
9 3 8615
9 4 2775
9 5 7885
9 6 5928
9 7 9425
8 0 9721
8 1 8907
8 2 8348
8 3 3652
8 4 4681
22 10 3
0 1 1155
1 2 6732
2 3 5756
3 4 1804
4 5 5543
5 6 341
6 7 2488
7 8 7745
8 9 51
9 0 2920
9 1 8101
9 2 6732
9 3 9095
9 4 8541
9 5 5968
9 6 292
9 7 3788
8 0 8726
8 1 2621
8 2 874
8 3 8738
8 4 5077
22 10 3
0 1 4608
1 2 5717
2 3 9859
3 4 9835
4 5 9908
5 6 1122
6 7 8531
7 8 8473
8 9 8824
9 0 915
9 1 8443
9 2 7311
9 3 8902
9 4 2375
9 5 6470
9 6 567
9 7 6918
8 0 2853
8 1 70
8 2 660
8 3 1798
8 4 1213
22 10 1
0 1 99
1 2 5734
2 3 6341
3 4 101
4 5 3465
5 6 9091
6 7 5619
7 8 6374
8 9 662
9 0 6670
9 1 5212
9 2 5428
9 3 946
9 4 5107
9 5 9622
9 6 4389
9 7 2340
8 0 1738
8 1 489
8 2 4450
8 3 5496
8 4 6967
22 10 6
0 1 8514
1 2 7026
2 3 8421
3 4 2165
4 5 3903
5 6 9367
6 7 3521
7 8 7926
8 9 1695
9 0 1745
9 1 9503
9 2 6004
9 3 7291
9 4 3288
9 5 4583
9 6 3698
9 7 1822
8 0 1392
8 1 2548
8 2 4628
8 3 2832
8 4 1984
22 10 1
0 1 7277
1 2 2635
2 3 4438
3 4 791
4 5 6240
5 6 5485
6 7 9311
7 8 5560
8 9 6010
9 0 2266
9 1 3708
9 2 4760
9 3 1205
9 4 631
9 5 2430
9 6 8774
9 7 2716
8 0 5210
8 1 2425
8 2 9263
8 3 8812
8 4 3833
22 10 4
0 1 8555
1 2 5404
2 3 8166
3 4 595
4 5 5240
5 6 4158
6 7 8494
7 8 9348
8 9 2360
9 0 942
9 1 9035
9 2 3105
9 3 2433
9 4 5785
9 5 1243
9 6 9845
9 7 2127
8 0 8067
8 1 2811
8 2 9866
8 3 5033
8 4 6968
22 10 8
0 1 2600
1 2 6929
2 3 7828
3 4 8245
4 5 5620
5 6 9430
6 7 4926
7 8 9176
8 9 6420
9 0 764
9 1 9833
9 2 8928
9 3 9494
9 4 1606
9 5 2751
9 6 4052
9 7 3822
8 0 8288
8 1 3704
8 2 2167
8 3 2016
8 4 2962
22 10 9
0 1 5832
1 2 8308
2 3 6754
3 4 6374
4 5 2295
5 6 9498
6 7 203
7 8 5296
8 9 9525
9 0 8671
9 1 25
9 2 4801
9 3 6464
9 4 2456
9 5 2983
9 6 2234
9 7 2053
8 0 6956
8 1 2296
8 2 4641
8 3 8548
8 4 1941
22 10 5
0 1 7896
1 2 2123
2 3 4403
3 4 17
4 5 3453
5 6 2691
6 7 8974
7 8 1299
8 9 9219
9 0 9971
9 1 1794
9 2 3836
9 3 4036
9 4 528
9 5 4387
9 6 359
9 7 1650
8 0 4060
8 1 2451
8 2 7654
8 3 2786
8 4 2332
22 10 4
0 1 4327
1 2 1704
2 3 8721
3 4 1442
4 5 7012
5 6 543
6 7 5189
7 8 9528
8 9 9849
9 0 8487
9 1 6993
9 2 4015
9 3 4779
9 4 898
9 5 5245
9 6 2883
9 7 9830
8 0 2188
8 1 6915
8 2 974
8 3 8422
8 4 7234
22 10 0
0 1 9861
1 2 6669
2 3 5037
3 4 2083
4 5 2086
5 6 1902
6 7 4736
7 8 4353
8 9 2296
9 0 1558
9 1 3391
9 2 5968
9 3 7852
9 4 7524
9 5 7809
9 6 3261
9 7 4206
8 0 9633
8 1 7799
8 2 4914
8 3 8932
8 4 8233
22 10 0
0 1 9779
1 2 5005
2 3 2877
3 4 5548
4 5 9600
5 6 2552
6 7 2295
7 8 6441
8 9 96
9 0 1260
9 1 7264
9 2 9044
9 3 9545
9 4 3206
9 5 6649
9 6 7303
9 7 6292
8 0 1719
8 1 5537
8 2 7432
8 3 7315
8 4 2475
22 10 2
0 1 5624
1 2 360
2 3 7045
3 4 3393
4 5 2326
5 6 9624
6 7 853
7 8 8401
8 9 4242
9 0 7480
9 1 2868
9 2 2788
9 3 2713
9 4 9067
9 5 7393
9 6 2307
9 7 8736
8 0 614
8 1 9641
8 2 748
8 3 4677
8 4 3867
22 10 6
0 1 4839
1 2 2992
2 3 342
3 4 553
4 5 8586
5 6 2265
6 7 6127
7 8 2458
8 9 3132
9 0 3459
9 1 5334
9 2 6143
9 3 9600
9 4 8441
9 5 8540
9 6 2817
9 7 7549
8 0 5911
8 1 167
8 2 1338
8 3 1327
8 4 4269
22 10 5
0 1 7005
1 2 1678
2 3 9397
3 4 219
4 5 8364
5 6 7434
6 7 8151
7 8 1568
8 9 5554
9 0 7620
9 1 3488
9 2 2823
9 3 9617
9 4 8189
9 5 8338
9 6 4060
9 7 9781
8 0 5026
8 1 1067
8 2 6137
8 3 9275
8 4 3914
22 10 2
0 1 6375
1 2 7578
2 3 8339
3 4 1979
4 5 2885
5 6 652
6 7 7400
7 8 3196
8 9 7320
9 0 6893
9 1 9662
9 2 312
9 3 7176
9 4 6041
9 5 1995
9 6 3919
9 7 7135
8 0 1575
8 1 5813
8 2 1758
8 3 7925
8 4 7592
22 10 8
0 1 9934
1 2 8277
2 3 7808
3 4 2356
4 5 5011
5 6 3555
6 7 5783
7 8 6987
8 9 281
9 0 5683
9 1 7443
9 2 1989
9 3 3632
9 4 6437
9 5 2506
9 6 1827
9 7 9432
8 0 8591
8 1 2003
8 2 4419
8 3 9574
8 4 4346
22 10 4
0 1 6530
1 2 184
2 3 4316
3 4 4186
4 5 2715
5 6 3469
6 7 600
7 8 4411
8 9 9387
9 0 5173
9 1 5991
9 2 3426
9 3 524
9 4 9091
9 5 9433
9 6 590
9 7 6906
8 0 847
8 1 4308
8 2 481
8 3 1820
8 4 5604
22 10 6
0 1 9765
1 2 4734
2 3 3844
3 4 8119
4 5 6018
5 6 9738
6 7 5020
7 8 6636
8 9 7134
9 0 3500
9 1 3281
9 2 3350
9 3 675
9 4 7601
9 5 213
9 6 4525
9 7 2857
8 0 9898
8 1 7541
8 2 6551
8 3 769
8 4 620
22 10 0
0 1 3908
1 2 7382
2 3 5099
3 4 7912
4 5 9455
5 6 8992
6 7 6809
7 8 6958
8 9 5411
9 0 8230
9 1 5254
9 2 1731
9 3 4294
9 4 4001
9 5 3145
9 6 3749
9 7 5027
8 0 4478
8 1 1287
8 2 2353
8 3 7835
8 4 4077
22 10 4
0 1 9399
1 2 1048
2 3 2957
3 4 8759
4 5 7749
5 6 1421
6 7 6505
7 8 2407
8 9 4435
9 0 3533
9 1 7222
9 2 3776
9 3 2105
9 4 8556
9 5 2695
9 6 3188
9 7 4983
8 0 875
8 1 6611
8 2 1903
8 3 1584
8 4 2908
22 10 6
0 1 521
1 2 8386
2 3 9589
3 4 7687
4 5 6433
5 6 2264
6 7 8362
7 8 3680
8 9 1946
9 0 3208
9 1 6951
9 2 7511
9 3 6532
9 4 5491
9 5 9575
9 6 7243
9 7 4915
8 0 2795
8 1 1368
8 2 6461
8 3 8425
8 4 4064
22 10 3
0 1 4023
1 2 3797
2 3 1706
3 4 1776
4 5 3453
5 6 6289
6 7 350
7 8 4891
8 9 8733
9 0 466
9 1 5083
9 2 8829
9 3 5951
9 4 7386
9 5 5067
9 6 5662
9 7 8173
8 0 1424
8 1 4066
8 2 3658
8 3 2999
8 4 5230
22 10 7
0 1 6476
1 2 4977
2 3 8192
3 4 7454
4 5 2235
5 6 2348
6 7 4760
7 8 1961
8 9 1280
9 0 6916
9 1 7026
9 2 9936
9 3 7657
9 4 6360
9 5 4892
9 6 3465
9 7 2217
8 0 6726
8 1 5232
8 2 2122
8 3 1444
8 4 8069
22 10 5
0 1 69
1 2 8858
2 3 9968
3 4 5444
4 5 3534
5 6 7304
6 7 6194
7 8 7884
8 9 4581
9 0 3105
9 1 7711
9 2 5763
9 3 9309
9 4 6823
9 5 6941
9 6 5107
9 7 8885
8 0 3112
8 1 1435
8 2 9896
8 3 6136
8 4 3867
22 10 2
0 1 6926
1 2 8781
2 3 6014
3 4 6201
4 5 4502
5 6 7993
6 7 8646
7 8 9287
8 9 9696
9 0 6155
9 1 7579
9 2 3240
9 3 8952
9 4 5529
9 5 7338
9 6 5091
9 7 5283
8 0 2443
8 1 6265
8 2 8300
8 3 8256
8 4 3774
33 10 0
0 1 4031
1 2 7263
2 3 9333
3 4 8951
4 5 6793
5 6 8706
6 7 8669
7 8 5990
8 9 9964
9 0 4326
9 1 4293
9 2 9178
9 3 5639
9 4 91
9 5 2620
9 6 5584
9 7 9049
8 0 9527
8 1 2699
8 2 8093
8 3 9579
8 4 5768
8 5 9052
8 6 2284
7 0 6483
7 1 1336
7 2 5960
7 3 1990
7 4 3060
7 5 1587
6 0 9602
6 1 3442
6 2 5201
33 10 1
0 1 5105
1 2 6645
2 3 8270
3 4 5719
4 5 5609
5 6 4642
6 7 8910
7 8 6057
8 9 1629
9 0 6183
9 1 8149
9 2 6463
9 3 5545
9 4 8886
9 5 9431
9 6 7144
9 7 100
8 0 7652
8 1 3549
8 2 6344
8 3 618
8 4 2772
8 5 2484
8 6 8544
7 0 1751
7 1 3517
7 2 2370
7 3 1209
7 4 289
7 5 6937
6 0 3042
6 1 1745
6 2 3581
33 10 8
0 1 8439
1 2 7118
2 3 8389
3 4 9786
4 5 5461
5 6 7368
6 7 853
7 8 600
8 9 6434
9 0 2265
9 1 7172
9 2 7787
9 3 7488
9 4 547
9 5 7282
9 6 2335
9 7 1111
8 0 2782
8 1 7380
8 2 9862
8 3 1285
8 4 5865
8 5 8865
8 6 4453
7 0 7685
7 1 4177
7 2 2132
7 3 2000
7 4 6855
7 5 8986
6 0 7559
6 1 5293
6 2 6103
33 10 0
0 1 6504
1 2 6742
2 3 8920
3 4 5544
4 5 1789
5 6 8880
6 7 2478
7 8 1204
8 9 1972
9 0 1320
9 1 1736
9 2 1962
9 3 2970
9 4 635
9 5 7682
9 6 6073
9 7 8175
8 0 457
8 1 1924
8 2 1881
8 3 9862
8 4 4039
8 5 9221
8 6 2104
7 0 9929
7 1 7575
7 2 1053
7 3 3225
7 4 3832
7 5 2765
6 0 9187
6 1 335
6 2 9507
33 10 7
0 1 5628
1 2 7157
2 3 7690
3 4 7544
4 5 431
5 6 9978
6 7 1792
7 8 7836
8 9 6264
9 0 8819
9 1 1940
9 2 8350
9 3 1348
9 4 9496
9 5 9211
9 6 5458
9 7 7144
8 0 9998
8 1 8913
8 2 1366
8 3 7261
8 4 3293
8 5 5311
8 6 2285
7 0 2650
7 1 4943
7 2 64
7 3 2028
7 4 2598
7 5 9989
6 0 9715
6 1 8225
6 2 3498
33 10 3
0 1 7622
1 2 5941
2 3 8710
3 4 6250
4 5 2916
5 6 931
6 7 1150
7 8 4212
8 9 6643
9 0 3992
9 1 8029
9 2 6468
9 3 3256
9 4 6391
9 5 6509
9 6 5088
9 7 9638
8 0 8344
8 1 1138
8 2 2810
8 3 7259
8 4 4807
8 5 5605
8 6 6899
7 0 1545
7 1 6972
7 2 2774
7 3 3870
7 4 1494
7 5 9573
6 0 2125
6 1 5467
6 2 5514
33 10 6
0 1 5552
1 2 849
2 3 7048
3 4 6703
4 5 5292
5 6 4344
6 7 4373
7 8 6894
8 9 6291
9 0 1055
9 1 6707
9 2 2688
9 3 2472
9 4 3324
9 5 9946
9 6 4902
9 7 2041
8 0 8137
8 1 782
8 2 1705
8 3 6164
8 4 7491
8 5 4480
8 6 3557
7 0 1503
7 1 767
7 2 4494
7 3 5490
7 4 1835
7 5 9890
6 0 3326
6 1 3738
6 2 7090
33 10 8
0 1 8661
1 2 7322
2 3 9163
3 4 4277
4 5 1791
5 6 9894
6 7 1226
7 8 676
8 9 4385
9 0 4958
9 1 3259
9 2 4339
9 3 2246
9 4 7297
9 5 6919
9 6 4765
9 7 9430
8 0 4544
8 1 5371
8 2 1522
8 3 1294
8 4 9371
8 5 3531
8 6 200
7 0 2722
7 1 2353
7 2 2872
7 3 6848
7 4 3648
7 5 9874
6 0 7518
6 1 2308
6 2 7195
33 10 9
0 1 3257
1 2 8237
2 3 4901
3 4 7870
4 5 7439
5 6 9306
6 7 3391
7 8 3482
8 9 8213
9 0 9593
9 1 1813
9 2 4134
9 3 7947
9 4 3112
9 5 3777
9 6 9237
9 7 953
8 0 5894
8 1 4196
8 2 3083
8 3 7885
8 4 6744
8 5 5706
8 6 5750
7 0 971
7 1 5111
7 2 7784
7 3 4160
7 4 9727
7 5 1600
6 0 2240
6 1 9336
6 2 6189
33 10 4
0 1 5711
1 2 1329
2 3 5919
3 4 9323
4 5 7022
5 6 3594
6 7 8510
7 8 7491
8 9 4808
9 0 2544
9 1 6100
9 2 2260
9 3 4278
9 4 9958
9 5 2317
9 6 7604
9 7 7974
8 0 6905
8 1 4360
8 2 7597
8 3 8554
8 4 9253
8 5 7262
8 6 7465
7 0 5059
7 1 9151
7 2 9649
7 3 5863
7 4 9046
7 5 5062
6 0 3368
6 1 4756
6 2 2742
33 10 2
0 1 7390
1 2 3140
2 3 5043
3 4 3168
4 5 6305
5 6 6069
6 7 1747
7 8 4120
8 9 8041
9 0 2617
9 1 8721
9 2 86
9 3 9767
9 4 3595
9 5 4746
9 6 1257
9 7 1437
8 0 5185
8 1 7105
8 2 3111
8 3 842
8 4 6299
8 5 7496
8 6 3222
7 0 5088
7 1 7252
7 2 6300
7 3 8518
7 4 8377
7 5 5636
6 0 3102
6 1 5766
6 2 8775
33 10 9
0 1 1886
1 2 8851
2 3 6057
3 4 8707
4 5 1585
5 6 8707
6 7 3302
7 8 985
8 9 5597
9 0 648
9 1 3439
9 2 7875
9 3 5015
9 4 176
9 5 1361
9 6 963
9 7 9173
8 0 641
8 1 1124
8 2 6672
8 3 9016
8 4 2151
8 5 18
8 6 9570
7 0 5373
7 1 4751
7 2 9896
7 3 321
7 4 7788
7 5 6808
6 0 7422
6 1 6025
6 2 2010
33 10 7
0 1 7690
1 2 4716
2 3 5558
3 4 8172
4 5 9506
5 6 7388
6 7 1129
7 8 3622
8 9 5283
9 0 7292
9 1 636
9 2 1320
9 3 1803
9 4 315
9 5 8023
9 6 9192
9 7 9885
8 0 1957
8 1 2808
8 2 17
8 3 3516
8 4 1499
8 5 4512
8 6 1905
7 0 3368
7 1 204
7 2 1583
7 3 329
7 4 926
7 5 2246
6 0 3568
6 1 8615
6 2 3313
33 10 4
0 1 4195
1 2 5625
2 3 3541
3 4 4460
4 5 3906
5 6 4566
6 7 1163
7 8 2495
8 9 6038
9 0 4033
9 1 6263
9 2 5508
9 3 2097
9 4 6400
9 5 9927
9 6 842
9 7 5436
8 0 5655
8 1 5119
8 2 7538
8 3 1997
8 4 4771
8 5 1168
8 6 6486
7 0 713
7 1 5445
7 2 2842
7 3 1039
7 4 8804
7 5 684
6 0 8956
6 1 9350
6 2 6308
33 10 2
0 1 824
1 2 1776
2 3 7550
3 4 6511
4 5 3185
5 6 272
6 7 9785
7 8 4578
8 9 780
9 0 2068
9 1 3317
9 2 761
9 3 5175
9 4 8882
9 5 4862
9 6 4693
9 7 1344
8 0 8692
8 1 2917
8 2 1453
8 3 2525
8 4 6148
8 5 2744
8 6 259
7 0 159
7 1 1944
7 2 3258
7 3 630
7 4 9644
7 5 23
6 0 2822
6 1 6819
6 2 8150
33 10 5
0 1 196
1 2 2322
2 3 6780
3 4 7836
4 5 1477
5 6 9620
6 7 6605
7 8 9453
8 9 7696
9 0 4349
9 1 9005
9 2 3055
9 3 4016
9 4 3788
9 5 5912
9 6 7044
9 7 3741
8 0 276
8 1 4541
8 2 6243
8 3 1932
8 4 4138
8 5 1834
8 6 4972
7 0 751
7 1 3630
7 2 5361
7 3 8594
7 4 1560
7 5 1415
6 0 1879
6 1 8107
6 2 3736
33 10 5
0 1 8605
1 2 6354
2 3 5396
3 4 7298
4 5 471
5 6 1420
6 7 9644
7 8 8502
8 9 1927
9 0 772
9 1 2756
9 2 2726
9 3 3564
9 4 3287
9 5 5477
9 6 9580
9 7 4875
8 0 6215
8 1 7683
8 2 1783
8 3 458
8 4 839
8 5 4064
8 6 8833
7 0 9900
7 1 3867
7 2 8911
7 3 5995
7 4 9655
7 5 8402
6 0 8241
6 1 8259
6 2 1107
33 10 1
0 1 3118
1 2 5124
2 3 2740
3 4 1479
4 5 7508
5 6 1584
6 7 8649
7 8 4047
8 9 286
9 0 5840
9 1 660
9 2 7911
9 3 6519
9 4 5765
9 5 7213
9 6 8105
9 7 3887
8 0 8520
8 1 8930
8 2 7235
8 3 2362
8 4 2054
8 5 6094
8 6 2220
7 0 9417
7 1 5304
7 2 9405
7 3 4741
7 4 7132
7 5 8746
6 0 1542
6 1 250
6 2 3869
33 10 0
0 1 3688
1 2 162
2 3 9234
3 4 798
4 5 3587
5 6 9978
6 7 957
7 8 2041
8 9 4789
9 0 2674
9 1 3643
9 2 9280
9 3 9861
9 4 1888
9 5 5031
9 6 7265
9 7 8512
8 0 142
8 1 222
8 2 9238
8 3 3714
8 4 1160
8 5 8372
8 6 9937
7 0 5508
7 1 3156
7 2 4227
7 3 7850
7 4 381
7 5 9321
6 0 6522
6 1 4068
6 2 5834
33 10 2
0 1 8569
1 2 2183
2 3 5396
3 4 5587
4 5 4528
5 6 1100
6 7 1883
7 8 7294
8 9 4437
9 0 6712
9 1 909
9 2 9729
9 3 9718
9 4 6264
9 5 6796
9 6 9617
9 7 8619
8 0 2524
8 1 8518
8 2 8565
8 3 246
8 4 7999
8 5 655
8 6 5082
7 0 9580
7 1 8668
7 2 7655
7 3 5806
7 4 1955
7 5 3500
6 0 1900
6 1 6875
6 2 2035
33 10 4
0 1 7913
1 2 8964
2 3 6975
3 4 7389
4 5 7755
5 6 2951
6 7 7246
7 8 3474
8 9 7247
9 0 3417
9 1 5718
9 2 6400
9 3 5454
9 4 9295
9 5 6748
9 6 2486
9 7 1669
8 0 2864
8 1 8370
8 2 3804
8 3 9067
8 4 9725
8 5 8565
8 6 8673
7 0 6344
7 1 1006
7 2 887
7 3 9317
7 4 9967
7 5 243
6 0 1182
6 1 4231
6 2 9206
33 10 5
0 1 3490
1 2 9344
2 3 9645
3 4 3664
4 5 3751
5 6 8907
6 7 3337
7 8 5240
8 9 1829
9 0 3447
9 1 4982
9 2 4443
9 3 6278
9 4 7335
9 5 6535
9 6 6282
9 7 5009
8 0 1999
8 1 9415
8 2 6788
8 3 5796
8 4 4779
8 5 6608
8 6 5528
7 0 6861
7 1 6648
7 2 2739
7 3 3264
7 4 2616
7 5 7611
6 0 7929
6 1 2457
6 2 3306
33 10 1
0 1 2285
1 2 1510
2 3 3657
3 4 4729
4 5 3667
5 6 5194
6 7 853
7 8 790
8 9 2478
9 0 3441
9 1 2015
9 2 2427
9 3 9730
9 4 5823
9 5 4380
9 6 3509
9 7 9619
8 0 6402
8 1 1115
8 2 7067
8 3 2372
8 4 494
8 5 3305
8 6 3448
7 0 4816
7 1 6269
7 2 2523
7 3 3053
7 4 6214
7 5 7816
6 0 7324
6 1 4850
6 2 9325
33 10 6
0 1 9551
1 2 3693
2 3 1738
3 4 2375
4 5 549
5 6 2713
6 7 1116
7 8 7397
8 9 2644
9 0 1622
9 1 4853
9 2 5830
9 3 9420
9 4 2714
9 5 266
9 6 1960
9 7 6194
8 0 1857
8 1 2067
8 2 8632
8 3 8131
8 4 8035
8 5 4805
8 6 8584
7 0 5669
7 1 5953
7 2 2641
7 3 4060
7 4 2696
7 5 4960
6 0 1046
6 1 2246
6 2 5004
33 10 1
0 1 6326
1 2 1213
2 3 255
3 4 8179
4 5 148
5 6 3256
6 7 9093
7 8 292
8 9 387
9 0 4009
9 1 516
9 2 4986
9 3 540
9 4 2469
9 5 450
9 6 4536
9 7 8848
8 0 4960
8 1 5072
8 2 1229
8 3 2952
8 4 921
8 5 6298
8 6 5407
7 0 6271
7 1 4748
7 2 4551
7 3 1418
7 4 955
7 5 1734
6 0 4831
6 1 3632
6 2 2946
33 10 6
0 1 334
1 2 8568
2 3 4474
3 4 7299
4 5 8964
5 6 7971
6 7 1251
7 8 307
8 9 992
9 0 5847
9 1 4363
9 2 4822
9 3 5417
9 4 2765
9 5 6754
9 6 6116
9 7 9102
8 0 6801
8 1 4453
8 2 6893
8 3 4520
8 4 3971
8 5 6153
8 6 4174
7 0 4297
7 1 1697
7 2 6622
7 3 8675
7 4 1562
7 5 596
6 0 2463
6 1 1896
6 2 5515
33 10 6
0 1 4587
1 2 2443
2 3 8819
3 4 3922
4 5 9525
5 6 4643
6 7 1399
7 8 6723
8 9 9220
9 0 260
9 1 1376
9 2 4909
9 3 653
9 4 1243
9 5 4344
9 6 7505
9 7 655
8 0 7745
8 1 4863
8 2 3710
8 3 6087
8 4 7094
8 5 1467
8 6 1139
7 0 3432
7 1 1796
7 2 6485
7 3 5310
7 4 6835
7 5 7138
6 0 6908
6 1 7773
6 2 5932
33 10 8
0 1 5427
1 2 9781
2 3 2929
3 4 1460
4 5 2355
5 6 3359
6 7 2291
7 8 9471
8 9 4374
9 0 2015
9 1 4738
9 2 4056
9 3 6723
9 4 3723
9 5 842
9 6 3206
9 7 1533
8 0 9990
8 1 6215
8 2 8945
8 3 8270
8 4 613
8 5 1077
8 6 9240
7 0 6916
7 1 7321
7 2 6488
7 3 8223
7 4 7222
7 5 7124
6 0 6413
6 1 9000
6 2 6904
33 10 3
0 1 4805
1 2 569
2 3 8258
3 4 2589
4 5 7620
5 6 1219
6 7 6619
7 8 8127
8 9 4696
9 0 1955
9 1 8015
9 2 1122
9 3 4531
9 4 3102
9 5 1217
9 6 2913
9 7 1595
8 0 3546
8 1 9841
8 2 2725
8 3 525
8 4 7690
8 5 8164
8 6 5328
7 0 2653
7 1 5587
7 2 642
7 3 6662
7 4 9908
7 5 6920
6 0 9335
6 1 1065
6 2 3841
33 10 4
0 1 375
1 2 4143
2 3 8449
3 4 7982
4 5 6300
5 6 6278
6 7 7641
7 8 6889
8 9 7433
9 0 3737
9 1 875
9 2 558
9 3 5547
9 4 325
9 5 6739
9 6 2462
9 7 7384
8 0 3296
8 1 3738
8 2 6995
8 3 1488
8 4 8864
8 5 8430
8 6 7554
7 0 5279
7 1 983
7 2 2048
7 3 5592
7 4 9344
7 5 6987
6 0 3336
6 1 9718
6 2 7481
45 10 0
0 1 601
1 2 8454
2 3 5663
3 4 1436
4 5 2674
5 6 6454
6 7 217
7 8 2521
8 9 9552
9 0 3854
9 1 3155
9 2 9691
9 3 3715
9 4 4549
9 5 9867
9 6 7021
9 7 1046
8 0 5469
8 1 7910
8 2 1304
8 3 5367
8 4 1263
8 5 1956
8 6 3
7 0 358
7 1 8368
7 2 3640
7 3 5084
7 4 9818
7 5 970
6 0 9206
6 1 418
6 2 9423
6 3 4868
6 4 8206
5 0 8449
5 1 7674
5 2 8422
5 3 7321
4 0 3577
4 1 2275
4 2 475
3 0 3267
3 1 2342
2 0 1375
45 10 2
0 1 7134
1 2 7587
2 3 9396
3 4 7143
4 5 70
5 6 5639
6 7 6114
7 8 3345
8 9 7889
9 0 2254
9 1 8913
9 2 1732
9 3 4493
9 4 1487
9 5 1917
9 6 3015
9 7 1132
8 0 9936
8 1 9214
8 2 8167
8 3 3631
8 4 363
8 5 447
8 6 1871
7 0 1924
7 1 9949
7 2 3827
7 3 9560
7 4 9238
7 5 4336
6 0 7575
6 1 2723
6 2 1922
6 3 6970
6 4 9865
5 0 1991
5 1 8960
5 2 2330
5 3 1687
4 0 6849
4 1 4584
4 2 600
3 0 4932
3 1 9076
2 0 8438
45 10 8
0 1 8917
1 2 6533
2 3 5127
3 4 4951
4 5 4299
5 6 3321
6 7 6121
7 8 3538
8 9 3230
9 0 9325
9 1 7871
9 2 2690
9 3 2208
9 4 2173
9 5 6577
9 6 8068
9 7 5519
8 0 5636
8 1 4657
8 2 5107
8 3 1017
8 4 5851
8 5 4712
8 6 1519
7 0 7718
7 1 760
7 2 8059
7 3 4758
7 4 1731
7 5 4261
6 0 6197
6 1 647
6 2 793
6 3 7675
6 4 1949
5 0 1443
5 1 7348
5 2 8069
5 3 4980
4 0 577
4 1 3746
4 2 9203
3 0 9618
3 1 5953
2 0 7727
45 10 8
0 1 7622
1 2 7993
2 3 3953
3 4 3132
4 5 4104
5 6 2071
6 7 55
7 8 6290
8 9 7350
9 0 1498
9 1 8093
9 2 375
9 3 4361
9 4 1513
9 5 4107
9 6 9475
9 7 6498
8 0 7452
8 1 8446
8 2 4739
8 3 6789
8 4 1727
8 5 6609
8 6 7381
7 0 4093
7 1 8117
7 2 8191
7 3 1777
7 4 6689
7 5 8360
6 0 1135
6 1 4310
6 2 2704
6 3 5088
6 4 7441
5 0 6807
5 1 3510
5 2 7495
5 3 3096
4 0 7211
4 1 5345
4 2 7541
3 0 7585
3 1 6057
2 0 9053
45 10 2
0 1 4522
1 2 2661
2 3 2112
3 4 3393
4 5 7602
5 6 186
6 7 7382
7 8 4423
8 9 9153
9 0 2750
9 1 3301
9 2 884
9 3 5681
9 4 9839
9 5 1524
9 6 280
9 7 1943
8 0 5245
8 1 5817
8 2 10000
8 3 7244
8 4 9335
8 5 7490
8 6 7551
7 0 3800
7 1 5806
7 2 9438
7 3 8991
7 4 1475
7 5 3413
6 0 1724
6 1 2349
6 2 6073
6 3 187
6 4 5741
5 0 27
5 1 372
5 2 3122
5 3 4449
4 0 9525
4 1 5871
4 2 4101
3 0 408
3 1 7903
2 0 3939
45 10 4
0 1 8180
1 2 8704
2 3 3316
3 4 2832
4 5 5693
5 6 9595
6 7 8272
7 8 7803
8 9 5362
9 0 2564
9 1 7425
9 2 729
9 3 3835
9 4 6165
9 5 1043
9 6 1295
9 7 5436
8 0 7186
8 1 1645
8 2 8011
8 3 8013
8 4 5087
8 5 7588
8 6 6313
7 0 6261
7 1 6415
7 2 9938
7 3 5171
7 4 813
7 5 8440
6 0 8846
6 1 8993
6 2 3496
6 3 8513
6 4 1824
5 0 5540
5 1 4459
5 2 6448
5 3 9694
4 0 9821
4 1 5363
4 2 7118
3 0 549
3 1 9197
2 0 3282
45 10 5
0 1 2402
1 2 7971
2 3 1371
3 4 7187
4 5 8744
5 6 9498
6 7 3868
7 8 2591
8 9 4207
9 0 5317
9 1 9779
9 2 8794
9 3 1944
9 4 3457
9 5 300
9 6 8601
9 7 1130
8 0 3477
8 1 1154
8 2 6167
8 3 9378
8 4 5463
8 5 6474
8 6 1431
7 0 3413
7 1 1679
7 2 4458
7 3 8564
7 4 8582
7 5 2972
6 0 1961
6 1 7335
6 2 942
6 3 9683
6 4 4521
5 0 9685
5 1 9181
5 2 8388
5 3 8627
4 0 9739
4 1 56
4 2 8406
3 0 8532
3 1 8351
2 0 8214
45 10 9
0 1 242
1 2 9278
2 3 4915
3 4 971
4 5 7897
5 6 7453
6 7 4606
7 8 6942
8 9 8870
9 0 2463
9 1 6284
9 2 3219
9 3 6607
9 4 9016
9 5 147
9 6 7697
9 7 6589
8 0 9311
8 1 9162
8 2 910
8 3 7426
8 4 6643
8 5 4282
8 6 7511
7 0 3345
7 1 6227
7 2 1701
7 3 6127
7 4 1393
7 5 9010
6 0 3168
6 1 1634
6 2 8287
6 3 8083
6 4 8956
5 0 2535
5 1 1887
5 2 3561
5 3 5828
4 0 756
4 1 2375
4 2 2111
3 0 326
3 1 8981
2 0 1127
45 10 8
0 1 5953
1 2 2058
2 3 1478
3 4 8871
4 5 2785
5 6 4502
6 7 9685
7 8 8849
8 9 4562
9 0 924
9 1 5921
9 2 6574
9 3 2266
9 4 2328
9 5 7524
9 6 5633
9 7 5989
8 0 1821
8 1 4977
8 2 7739
8 3 6920
8 4 42
8 5 4166
8 6 2661
7 0 9337
7 1 2224
7 2 6057
7 3 2110
7 4 2590
7 5 8614
6 0 459
6 1 8542
6 2 672
6 3 1936
6 4 7412
5 0 3456
5 1 2790
5 2 3449
5 3 8656
4 0 7351
4 1 4372
4 2 4576
3 0 3924
3 1 2989
2 0 3255
45 10 7
0 1 445
1 2 4779
2 3 8680
3 4 8537
4 5 8775
5 6 8308
6 7 3599
7 8 4865
8 9 36
9 0 8360
9 1 455
9 2 8645
9 3 1820
9 4 8953
9 5 5885
9 6 2476
9 7 2987
8 0 3197
8 1 8532
8 2 4236
8 3 553
8 4 2870
8 5 259
8 6 1457
7 0 6730
7 1 1937
7 2 9601
7 3 9747
7 4 4771
7 5 4226
6 0 3954
6 1 5215
6 2 9004
6 3 8985
6 4 3751
5 0 4130
5 1 7292
5 2 7350
5 3 5347
4 0 3679
4 1 2061
4 2 5801
3 0 8675
3 1 3880
2 0 1105
45 10 3
0 1 7533
1 2 8463
2 3 7266
3 4 1329
4 5 1404
5 6 8708
6 7 9007
7 8 5070
8 9 689
9 0 4103
9 1 9371
9 2 7263
9 3 8482
9 4 4351
9 5 5955
9 6 9007
9 7 104
8 0 6647
8 1 5870
8 2 4751
8 3 4797
8 4 1331
8 5 6036
8 6 3091
7 0 222
7 1 1110
7 2 6788
7 3 4426
7 4 4026
7 5 2073
6 0 7909
6 1 1558
6 2 536
6 3 5175
6 4 2886
5 0 8291
5 1 3882
5 2 1892
5 3 3360
4 0 922
4 1 2346
4 2 9082
3 0 4536
3 1 7179
2 0 3433
45 10 4
0 1 196
1 2 9453
2 3 181
3 4 725
4 5 9583
5 6 5243
6 7 991
7 8 9746
8 9 8084
9 0 2173
9 1 4472
9 2 4227
9 3 2745
9 4 3019
9 5 6387
9 6 8743
9 7 2517
8 0 4708
8 1 788
8 2 8558
8 3 6712
8 4 6776
8 5 15
8 6 2372
7 0 2273
7 1 8194
7 2 7225
7 3 6716
7 4 4497
7 5 9361
6 0 8892
6 1 4692
6 2 8813
6 3 9072
6 4 1769
5 0 4747
5 1 666
5 2 9111
5 3 4492
4 0 8749
4 1 1283
4 2 8963
3 0 2976
3 1 4027
2 0 8333
45 10 8
0 1 1661
1 2 8260
2 3 5262
3 4 7080
4 5 8287
5 6 1776
6 7 9190
7 8 9756
8 9 4323
9 0 9348
9 1 2550
9 2 5413
9 3 3513
9 4 4769
9 5 4467
9 6 3524
9 7 4944
8 0 5501
8 1 162
8 2 2903
8 3 3116
8 4 6160
8 5 7983
8 6 5466
7 0 2384
7 1 3905
7 2 1947
7 3 3638
7 4 3032
7 5 3091
6 0 2068
6 1 1045
6 2 7702
6 3 7329
6 4 8124
5 0 5988
5 1 5457
5 2 3665
5 3 5744
4 0 9779
4 1 9364
4 2 4645
3 0 5192
3 1 2876
2 0 5765
45 10 1
0 1 3229
1 2 3041
2 3 107
3 4 1602
4 5 7362
5 6 1987
6 7 7464
7 8 1481
8 9 8080
9 0 1795
9 1 9983
9 2 7739
9 3 5295
9 4 8792
9 5 8618
9 6 4527
9 7 3677
8 0 4002
8 1 7625
8 2 2875
8 3 6881
8 4 8444
8 5 2568
8 6 5306
7 0 5755
7 1 4315
7 2 4308
7 3 1932
7 4 8884
7 5 4844
6 0 8513
6 1 8465
6 2 4236
6 3 4972
6 4 66
5 0 1597
5 1 3310
5 2 3881
5 3 9429
4 0 1389
4 1 5675
4 2 5763
3 0 9128
3 1 7322
2 0 4554
45 10 3
0 1 3991
1 2 3807
2 3 3326
3 4 1810
4 5 8761
5 6 8090
6 7 9462
7 8 5166
8 9 8624
9 0 2429
9 1 2540
9 2 7256
9 3 1265
9 4 7506
9 5 9729
9 6 6332
9 7 8683
8 0 1402
8 1 3745
8 2 7174
8 3 7469
8 4 4618
8 5 2446
8 6 9084
7 0 6795
7 1 7776
7 2 9281
7 3 2525
7 4 339
7 5 9415
6 0 8159
6 1 681
6 2 3221
6 3 7836
6 4 2490
5 0 8334
5 1 2277
5 2 8303
5 3 3499
4 0 901
4 1 731
4 2 2390
3 0 4508
3 1 1995
2 0 9895
45 10 9
0 1 2017
1 2 1423
2 3 8607
3 4 9049
4 5 3930
5 6 7158
6 7 9578
7 8 6950
8 9 3285
9 0 1936
9 1 5473
9 2 2401
9 3 3128
9 4 4696
9 5 3844
9 6 613
9 7 399
8 0 4718
8 1 288
8 2 9140
8 3 1963
8 4 3574
8 5 8061
8 6 9776
7 0 990
7 1 949
7 2 1704
7 3 9667
7 4 1097
7 5 8564
6 0 6836
6 1 3113
6 2 9987
6 3 1794
6 4 8514
5 0 268
5 1 8952
5 2 8091
5 3 3569
4 0 8588
4 1 6378
4 2 9042
3 0 989
3 1 9505
2 0 89
45 10 9
0 1 7489
1 2 2001
2 3 5769
3 4 7216
4 5 7061
5 6 7118
6 7 8739
7 8 7640
8 9 3286
9 0 9444
9 1 3127
9 2 5627
9 3 4702
9 4 9700
9 5 9940
9 6 9862
9 7 570
8 0 2365
8 1 7599
8 2 2165
8 3 1888
8 4 7342
8 5 9297
8 6 5991
7 0 5823
7 1 5829
7 2 9395
7 3 1671
7 4 5853
7 5 7974
6 0 7880
6 1 9693
6 2 9974
6 3 3648
6 4 6909
5 0 3386
5 1 7117
5 2 1999
5 3 7378
4 0 6755
4 1 1442
4 2 504
3 0 2381
3 1 6143
2 0 6555
45 10 5
0 1 2640
1 2 7938
2 3 9973
3 4 4433
4 5 2322
5 6 3391
6 7 5930
7 8 1933
8 9 3438
9 0 1548
9 1 5092
9 2 6311
9 3 7318
9 4 4538
9 5 2015
9 6 6300
9 7 2495
8 0 355
8 1 7295
8 2 8504
8 3 5227
8 4 5911
8 5 8906
8 6 7793
7 0 8403
7 1 9570
7 2 3975
7 3 9673
7 4 6103
7 5 8020
6 0 8168
6 1 8742
6 2 5957
6 3 8141
6 4 9526
5 0 4631
5 1 7883
5 2 5455
5 3 6563
4 0 7672
4 1 3354
4 2 8006
3 0 335
3 1 672
2 0 8896
45 10 5
0 1 6857
1 2 7892
2 3 4320
3 4 1379
4 5 7598
5 6 1819
6 7 5141
7 8 7766
8 9 7804
9 0 5702
9 1 349
9 2 7891
9 3 3970
9 4 1215
9 5 2189
9 6 791
9 7 1457
8 0 5627
8 1 7721
8 2 7853
8 3 1283
8 4 9461
8 5 870
8 6 9287
7 0 3788
7 1 8977
7 2 1038
7 3 5640
7 4 316
7 5 1108
6 0 157
6 1 7172
6 2 5352
6 3 4476
6 4 8551
5 0 2949
5 1 2646
5 2 43
5 3 7066
4 0 450
4 1 2097
4 2 7415
3 0 4692
3 1 6066
2 0 4981
45 10 1
0 1 4294
1 2 9287
2 3 7331
3 4 7245
4 5 2378
5 6 3727
6 7 285
7 8 4158
8 9 1954
9 0 8321
9 1 4553
9 2 2843
9 3 5896
9 4 3778
9 5 1957
9 6 9021
9 7 7601
8 0 3806
8 1 5722
8 2 5191
8 3 7403
8 4 7601
8 5 5612
8 6 2419
7 0 5388
7 1 624
7 2 7212
7 3 156
7 4 5379
7 5 8044
6 0 1727
6 1 9672
6 2 3682
6 3 9058
6 4 3268
5 0 6060
5 1 9136
5 2 9905
5 3 6569
4 0 7441
4 1 8225
4 2 7473
3 0 6635
3 1 472
2 0 7602
45 10 0
0 1 3426
1 2 653
2 3 8082
3 4 3252
4 5 3798
5 6 5366
6 7 622
7 8 7248
8 9 2701
9 0 3218
9 1 2124
9 2 5581
9 3 7365
9 4 9785
9 5 1995
9 6 3938
9 7 3783
8 0 5516
8 1 3557
8 2 5712
8 3 1142
8 4 9077
8 5 5436
8 6 581
7 0 3063
7 1 7528
7 2 5678
7 3 9695
7 4 7474
7 5 6288
6 0 8996
6 1 899
6 2 6940
6 3 3429
6 4 4150
5 0 7089
5 1 8794
5 2 1124
5 3 688
4 0 7846
4 1 4341
4 2 2812
3 0 3426
3 1 8057
2 0 2596
45 10 0
0 1 6345
1 2 1012
2 3 641
3 4 5531
4 5 5558
5 6 6712
6 7 4563
7 8 9694
8 9 3783
9 0 4867
9 1 4676
9 2 8677
9 3 7109
9 4 4532
9 5 4708
9 6 7551
9 7 619
8 0 9080
8 1 6439
8 2 1419
8 3 8340
8 4 7785
8 5 7460
8 6 7994
7 0 2906
7 1 3119
7 2 4460
7 3 950
7 4 9524
7 5 7547
6 0 9022
6 1 5868
6 2 8558
6 3 6015
6 4 7750
5 0 467
5 1 2726
5 2 8664
5 3 6513
4 0 6508
4 1 3530
4 2 1188
3 0 1536
3 1 6991
2 0 5719
45 10 1
0 1 8060
1 2 2758
2 3 8466
3 4 4618
4 5 6281
5 6 6004
6 7 7847
7 8 9748
8 9 8024
9 0 9603
9 1 4719
9 2 7629
9 3 6126
9 4 2753
9 5 3343
9 6 2527
9 7 1590
8 0 1511
8 1 3552
8 2 3168
8 3 9747
8 4 8471
8 5 7661
8 6 3694
7 0 86
7 1 5290
7 2 4218
7 3 2987
7 4 1792
7 5 4472
6 0 6799
6 1 9851
6 2 7230
6 3 1616
6 4 4468
5 0 9862
5 1 7620
5 2 8666
5 3 5961
4 0 1995
4 1 8268
4 2 679
3 0 5975
3 1 746
2 0 9784
45 10 3
0 1 3888
1 2 1989
2 3 2222
3 4 4415
4 5 7089
5 6 183
6 7 3961
7 8 5370
8 9 6433
9 0 6963
9 1 567
9 2 5527
9 3 2887
9 4 6108
9 5 9734
9 6 1933
9 7 7453
8 0 6978
8 1 4982
8 2 5746
8 3 1456
8 4 4425
8 5 2375
8 6 6539
7 0 146
7 1 3204
7 2 7045
7 3 8148
7 4 4615
7 5 4249
6 0 3063
6 1 4854
6 2 6237
6 3 1637
6 4 5620
5 0 9677
5 1 8171
5 2 9580
5 3 5047
4 0 4603
4 1 6543
4 2 1965
3 0 129
3 1 5781
2 0 8072
45 10 4
0 1 373
1 2 7617
2 3 6860
3 4 1751
4 5 5942
5 6 5253
6 7 5555
7 8 7332
8 9 1644
9 0 2526
9 1 4627
9 2 8137
9 3 63
9 4 9514
9 5 7786
9 6 4044
9 7 7830
8 0 9191
8 1 5769
8 2 1318
8 3 7464
8 4 1290
8 5 5278
8 6 1441
7 0 2256
7 1 1136
7 2 6816
7 3 8057
7 4 3689
7 5 833
6 0 9711
6 1 413
6 2 4801
6 3 6571
6 4 2163
5 0 743
5 1 8175
5 2 4069
5 3 4426
4 0 6170
4 1 2946
4 2 9052
3 0 4306
3 1 3008
2 0 4917
45 10 7
0 1 4034
1 2 3314
2 3 1961
3 4 8378
4 5 7019
5 6 4839
6 7 5177
7 8 8465
8 9 2936
9 0 5765
9 1 9544
9 2 8105
9 3 6188
9 4 7743
9 5 4311
9 6 3278
9 7 8286
8 0 4913
8 1 1222
8 2 8508
8 3 8331
8 4 2202
8 5 1019
8 6 5255
7 0 6664
7 1 6390
7 2 6410
7 3 3844
7 4 5453
7 5 8719
6 0 5601
6 1 9486
6 2 8384
6 3 7562
6 4 4215
5 0 1754
5 1 8752
5 2 9392
5 3 219
4 0 1687
4 1 5156
4 2 6114
3 0 6143
3 1 7695
2 0 3856
45 10 1
0 1 729
1 2 2517
2 3 5595
3 4 2748
4 5 8284
5 6 4171
6 7 280
7 8 2196
8 9 1791
9 0 4906
9 1 9409
9 2 1422
9 3 9398
9 4 3447
9 5 2122
9 6 3721
9 7 7330
8 0 619
8 1 494
8 2 1631
8 3 9230
8 4 642
8 5 3281
8 6 6207
7 0 2588
7 1 9925
7 2 5718
7 3 3260
7 4 1991
7 5 1478
6 0 5293
6 1 9071
6 2 346
6 3 7239
6 4 8170
5 0 8629
5 1 1409
5 2 8449
5 3 824
4 0 3200
4 1 3354
4 2 6584
3 0 973
3 1 9104
2 0 30
45 10 5
0 1 8114
1 2 2367
2 3 6289
3 4 394
4 5 3647
5 6 6957
6 7 9776
7 8 1892
8 9 7460
9 0 5211
9 1 8989
9 2 4677
9 3 4656
9 4 7512
9 5 4471
9 6 9049
9 7 7568
8 0 9941
8 1 2858
8 2 1145
8 3 8937
8 4 2420
8 5 6059
8 6 5987
7 0 4509
7 1 8102
7 2 6255
7 3 6575
7 4 9470
7 5 8740
6 0 9012
6 1 7583
6 2 1107
6 3 5301
6 4 4328
5 0 4753
5 1 2257
5 2 455
5 3 2997
4 0 9716
4 1 2017
4 2 1985
3 0 744
3 1 6673
2 0 5848
45 10 7
0 1 2929
1 2 6981
2 3 7507
3 4 9190
4 5 14
5 6 8571
6 7 3857
7 8 211
8 9 5842
9 0 3257
9 1 9417
9 2 4280
9 3 9223
9 4 5759
9 5 8108
9 6 313
9 7 435
8 0 979
8 1 3933
8 2 1427
8 3 9311
8 4 9649
8 5 7655
8 6 3740
7 0 6956
7 1 6249
7 2 2889
7 3 4903
7 4 9409
7 5 8311
6 0 8493
6 1 2337
6 2 1643
6 3 5999
6 4 7878
5 0 8008
5 1 4569
5 2 1735
5 3 8219
4 0 410
4 1 1343
4 2 3987
3 0 1042
3 1 565
2 0 9745
45 10 8
0 1 2078
1 2 1072
2 3 1651
3 4 5171
4 5 3366
5 6 987
6 7 6865
7 8 7792
8 9 8514
9 0 450
9 1 6992
9 2 9915
9 3 5434
9 4 4742
9 5 1607
9 6 318
9 7 9256
8 0 1405
8 1 8753
8 2 5093
8 3 1216
8 4 3741
8 5 8912
8 6 3471
7 0 392
7 1 7269
7 2 6691
7 3 9571
7 4 1819
7 5 1729
6 0 7581
6 1 249
6 2 2800
6 3 5583
6 4 5419
5 0 6166
5 1 2922
5 2 8635
5 3 3957
4 0 1435
4 1 9085
4 2 7300
3 0 7701
3 1 870
2 0 8393
